-1.496561 -1.534879
-1.506253 -1.539580
-1.507422 -1.540241
-1.505827 -1.539565
-1.570796 -1.570796
-1.513751 -1.543286
-1.511822 -1.542293
-1.509129 -1.540943
-1.510840 -1.541982
-1.508209 -1.540473
-1.500266 -1.536577
-1.508934 -1.540934
-1.508475 -1.540599
-1.511517 -1.542256
-1.514477 -1.543533
-1.510162 -1.541478
-1.503272 -1.538100
-1.504828 -1.538897
-1.514423 -1.543506
-1.496313 -1.534665
-1.498868 -1.535991
-1.513672 -1.543335
-1.505878 -1.539324
-1.508013 -1.540429
-1.500312 -1.536655
-1.501434 -1.537193
-1.491579 -1.532485
-1.490696 -1.532159
-1.491633 -1.532521
-1.485288 -1.529325
-1.570796 -1.570796
-1.513736 -1.543280
-1.497075 -1.535313
-1.498071 -1.535716
-1.477687 -1.525528
-1.509393 -1.541192
-1.491696 -1.532650
-1.477849 -1.525699
-1.511169 -1.541813
-1.488427 -1.531102
-1.472708 -1.523322
-1.484842 -1.529406
-1.482763 -1.528036
-1.461892 -1.517742
-1.496835 -1.535236
-1.497048 -1.535096
-1.496797 -1.535160
-1.500526 -1.536966
-1.481834 -1.527791
-1.570796 -1.570796
-1.505462 -1.539289
-1.474955 -1.524704
-1.481968 -1.527958
-1.570796 -1.570796
-1.486091 -1.529864
-1.493939 -1.533617
-1.466143 -1.520022
-1.570796 -1.570796
-1.498434 -1.535915
-1.499457 -1.536402
-1.570796 -1.570796
-1.502239 -1.537526
-1.486845 -1.530200
-1.570796 -1.570796
-1.570796 -1.570796
-1.494264 -1.533769
-1.490401 -1.531942
-1.570796 -1.570796
-1.570796 -1.570796
-1.492697 -1.532967
-1.481907 -1.527890
-1.570796 -1.570796
-1.486524 -1.530247
-1.493463 -1.533514
-1.503652 -1.538311
-1.494578 -1.534012
-1.511249 -1.542012
-1.502901 -1.537963
-1.504545 -1.538808
-1.492595 -1.532891
-1.502133 -1.537445
-1.498159 -1.535785
-1.499184 -1.536261
-1.498066 -1.535576
-1.500729 -1.536862
-1.511566 -1.542235
-1.554571 -1.562888
-1.499189 -1.536289
-1.500652 -1.536905
-1.505977 -1.539450
-1.502555 -1.537733
-1.497399 -1.535130
-1.516363 -1.544687
-1.509712 -1.541277
-1.505150 -1.539108
-1.508948 -1.540914
-1.506863 -1.539908
-1.508882 -1.541036
-1.508254 -1.540618
-1.503045 -1.538194
-1.498547 -1.535937
-1.511945 -1.542379
-1.504665 -1.538922
-1.503628 -1.538452
-1.518334 -1.545609
-1.499009 -1.536050
-1.503846 -1.538347
-1.493188 -1.533131
-1.497102 -1.535204
-1.482267 -1.527979
-1.484334 -1.528968
-1.477760 -1.525862
-1.484469 -1.529161
-1.490279 -1.531930
-1.486585 -1.530174
-1.480164 -1.527103
-1.485486 -1.529655
-1.489127 -1.531366
-1.492513 -1.533173
-1.482777 -1.528336
-1.497346 -1.535345
-1.492047 -1.532813
-1.491086 -1.532359
-1.491089 -1.532128
-1.505201 -1.539155
-1.501542 -1.537426
-1.570796 -1.570796
-1.501065 -1.536980
-1.514124 -1.543448
-1.515258 -1.544070
-1.500989 -1.537036
-1.514704 -1.543736
-1.509974 -1.541391
-1.516197 -1.544574
-1.492845 -1.533098
-1.510424 -1.541705
-1.494894 -1.534195
-1.570796 -1.570796
-1.499740 -1.536407
-1.488276 -1.530950
-1.492568 -1.533101
-1.492591 -1.533012
-1.502126 -1.537592
-1.496387 -1.534872
-1.495238 -1.534271
-1.496717 -1.535037
-1.493115 -1.533152
-1.486541 -1.530086
-1.524636 -1.548434
-1.536320 -1.554108
-1.570796 -1.570796
-1.500092 -1.536715
-1.570796 -1.570796
-1.544496 -1.558116
-1.570796 -1.570796
-1.570796 -1.570796
-1.561995 -1.566514
-1.548955 -1.560196
-1.569950 -1.570386
-1.577704 -1.574155
-1.554370 -1.562825
-1.557964 -1.564587
-1.557068 -1.564178
-1.570796 -1.570796
-1.534893 -1.553420
-1.570796 -1.570796
-1.570796 -1.570796
-1.516328 -1.544408
-1.570796 -1.570796
-1.506996 -1.540066
-1.503418 -1.538457
-1.570796 -1.570796
-1.550570 -1.560914
-1.576414 -1.573543
-1.570796 -1.570796
-1.492489 -1.532948
-1.570796 -1.570796
-1.570796 -1.570796
-1.570796 -1.570796
-1.570796 -1.570796
-1.487611 -1.530673
-1.493247 -1.533316
-1.476355 -1.524882
-1.570796 -1.570796
-1.570796 -1.570796
-1.511577 -1.542003
-1.477118 -1.525280
-1.499991 -1.536617
-1.502078 -1.537527
-1.570796 -1.570796
-1.570796 -1.570796
-1.570796 -1.570796
-1.570796 -1.570796
-1.494903 -1.534109
-1.505536 -1.539225
-1.570796 -1.570796
-1.570796 -1.570796
-1.570796 -1.570796
-1.570796 -1.570796
-1.483987 -1.528583
-1.489461 -1.531452
-1.570796 -1.570796
-1.570796 -1.570796
-1.494005 -1.533684
-1.570796 -1.570796
-1.487284 -1.530248
-1.490335 -1.532009
-1.570796 -1.570796
-1.570796 -1.570796
-1.492110 -1.532822
-1.570796 -1.570796
-1.570796 -1.570796
-1.497096 -1.535055
-1.570796 -1.570796
-1.570796 -1.570796
-1.570796 -1.570796
-1.570796 -1.570796
-1.570796 -1.570796
-1.570796 -1.570796
-1.570796 -1.570796
-1.570796 -1.570796
-1.570796 -1.570796
-1.570796 -1.570796
-1.535105 -1.553276
-1.570796 -1.570796
-1.491354 -1.531749
-1.621617 -1.596246
-1.570796 -1.570796
-1.570796 -1.570796
-1.547727 -1.559471
-1.542324 -1.556886
-1.570796 -1.570796
-1.570796 -1.570796
-1.570796 -1.570796
-1.570796 -1.570796
-1.690741 -1.630668
-1.511253 -1.541763
-1.570796 -1.570796
-1.570796 -1.570796
-1.570796 -1.570796
-1.570796 -1.570796
-1.570796 -1.570796
-1.570796 -1.570796
-1.570796 -1.570796
-1.966665 -1.773197
-1.570796 -1.570796
-1.570796 -1.570796
-1.570796 -1.570796
-1.570796 -1.570796
-1.537708 -1.554573
-1.570796 -1.570796
-1.570796 -1.570796
-1.531536 -1.551737
-1.570796 -1.570796
-1.592019 -1.581339
-1.570796 -1.570796
-1.570796 -1.570796
-1.584385 -1.577552
-1.570796 -1.570796
-1.570796 -1.570796
-1.570796 -1.570796
-1.591933 -1.581310
-1.570796 -1.570796
-1.570796 -1.570796
-1.570796 -1.570796
-1.570796 -1.570796
-1.494725 -1.533988
-1.484185 -1.528564
-1.576421 -1.573566
-1.570796 -1.570796
-1.570796 -1.570796
-1.570796 -1.570796
-1.582535 -1.576645
-1.497822 -1.535355
-1.528154 -1.550009
-1.480311 -1.526683
-1.570796 -1.570796
-1.411777 -1.489414
-1.680753 -1.626430
-1.754360 -1.667095
-1.562084 -1.566434
-1.570796 -1.570796
-1.359096 -1.459478
-1.657955 -1.615236
-1.336184 -1.449943
-1.506198 -1.536047
-1.319207 -1.442787
-1.285891 -1.424038
-1.668442 -1.620328
-1.570796 -1.570796
-1.570796 -1.570796
-1.507934 -1.540488
-1.552676 -1.561964
-1.502151 -1.537815
-1.570796 -1.570796
-1.570796 -1.570796
-1.440744 -1.506367
-1.585564 -1.577981
-1.570796 -1.570796
-1.570796 -1.570796
-1.570796 -1.570796
-1.716793 -1.643522
-1.583648 -1.577066
-1.510553 -1.541543
-1.463985 -1.518709
-1.570796 -1.570796
-1.570796 -1.570796
-1.570796 -1.570796
-1.570796 -1.570796
-1.435910 -1.505058
-1.570796 -1.570796
-1.570796 -1.570796
-1.570796 -1.570796
-1.723300 -1.650711
-2.186474 -1.941267
-1.801387 -1.697531
-1.387546 -1.473992
-1.415147 -1.485001
-1.666320 -1.623653
-1.570796 -1.570796
-1.077746 -1.279586
-2.224050 -1.958239
-1.608123 -1.590920
-1.386161 -1.470790
-1.570796 -1.570796
-1.570796 -1.570796
-1.645837 -1.608128
-1.570796 -1.570796
-1.447996 -1.511040
-1.570796 -1.570796
-1.570796 -1.570796
-1.570796 -1.570796
-1.758400 -1.666231
-1.570796 -1.570796
-1.570796 -1.570796
-1.570796 -1.570796
-1.570796 -1.570796
-1.570796 -1.570796
-1.570796 -1.570796
-1.467303 -1.520306
-1.570796 -1.570796
-1.570796 -1.570796
-1.404411 -1.490822
-1.570796 -1.570796
-1.265029 -1.413371
-1.493911 -1.533732
-1.570796 -1.570796
-1.570796 -1.570796
-1.500867 -1.536367
-1.488177 -1.530562
-1.491527 -1.531977
-1.570796 -1.570796
-1.570796 -1.570796
-1.570796 -1.570796
-1.570796 -1.570796
-1.435764 -1.504432
-1.572450 -1.571601
-1.454146 -1.514415
-1.570796 -1.570796
-1.567312 -1.569108
-1.515192 -1.543844
-1.460550 -1.517085
-1.546896 -1.559090
-1.622878 -1.596315
-1.570796 -1.570796
-1.535959 -1.553973
-1.499456 -1.536117
-1.518484 -1.545388
-1.450590 -1.511649
-1.570796 -1.570796
-1.570796 -1.570796
-1.570796 -1.570796
-1.612465 -1.591236
-1.445689 -1.509496
-1.599399 -1.585076
-1.598412 -1.584597
-1.570796 -1.570796
-1.570796 -1.570796
-1.491250 -1.531825
-1.480585 -1.526801
-1.471852 -1.522535
-1.535132 -1.553365
-1.570796 -1.570796
-1.570796 -1.570796
-1.623230 -1.596420
-1.497646 -1.535210
-1.523471 -1.547485
-1.511272 -1.541823
-1.546408 -1.558862
-1.570796 -1.570796
-1.570796 -1.570796
-1.503844 -1.538442
-1.505945 -1.539539
-1.501953 -1.537859
-1.452548 -1.513172
-1.570796 -1.570796
-1.583670 -1.577102
-1.511748 -1.542464
-1.619032 -1.594441
-1.547672 -1.559459
-1.502978 -1.538144
-1.503267 -1.538120
-1.514423 -1.543600
-1.544643 -1.558074
-1.476731 -1.524907
-1.479974 -1.526662
-1.504092 -1.538231
-1.495865 -1.534929
-1.495695 -1.534236
-1.496820 -1.534941
-1.534851 -1.553207
-1.497894 -1.535404
-1.508258 -1.540430
-1.495387 -1.534042
-1.484031 -1.529111
-1.503695 -1.538329
-1.483208 -1.528639
-1.489955 -1.532117
-1.570796 -1.570796
-1.494421 -1.533900
-1.503031 -1.538178
-1.570796 -1.570796
-1.570796 -1.570796
-1.570796 -1.570796
-1.497445 -1.535190
-1.498675 -1.535738
-1.501154 -1.537020
-1.478574 -1.525880
-1.509158 -1.541012
-1.496824 -1.535075
-1.485273 -1.529253
-1.500835 -1.537055
-1.477971 -1.525821
-1.570796 -1.570796
-1.482838 -1.528089
-1.512295 -1.542361
-1.570796 -1.570796
-1.509627 -1.541148
-1.522400 -1.547234
-1.492563 -1.532879
-1.570796 -1.570796
-1.570796 -1.570796
-1.498883 -1.535782
-1.501421 -1.537076
-1.484150 -1.528660
-1.508998 -1.540926
-1.570796 -1.570796
-1.570796 -1.570796
-1.570796 -1.570796
-1.570796 -1.570796
-1.570796 -1.570796
-1.570796 -1.570796
-1.570796 -1.570796
-1.570796 -1.570796
-1.570796 -1.570796
-1.570796 -1.570796
-1.570796 -1.570796
-1.483826 -1.528451
-1.504178 -1.538634
-1.570521 -1.570661
-1.570796 -1.570796
-1.570796 -1.570796
-1.474834 -1.524624
-1.494281 -1.533936
-1.570796 -1.570796
-1.570796 -1.570796
-1.570796 -1.570796
-1.570796 -1.570796
-1.570796 -1.570796
-1.570796 -1.570796
-1.570796 -1.570796
-1.570796 -1.570796
-1.577974 -1.574371
-1.570796 -1.570796
-1.570796 -1.570796
-1.570796 -1.570796
-1.495914 -1.534664
-1.570796 -1.570796
-1.570796 -1.570796
-1.570796 -1.570796
-1.499209 -1.535849
-1.501720 -1.537259
-1.578851 -1.574786
-1.570796 -1.570796
-1.570796 -1.570796
-1.503317 -1.538262
-1.570796 -1.570796
-1.595385 -1.583038
-1.570796 -1.570796
-1.570796 -1.570796
-1.570796 -1.570796
-1.529314 -1.550885
